1 6
2 413
3 963
4 17
5 2
6 379
7 4
8 20
9 404
10 416
11 10
12 16
13 1
14 816
15 14
16 960
17 18
18 452
19 8
20 802
21 9
22 807
23 21
24 32
25 985
26 36
27 407
28 421
29 346
30 824
31 93
32 424
33 987
34 426
35 22
36 419
37 425
38 26
39 454
40 34
41 15
42 859
43 11
44 420
45 965
46 432
47 441
48 19
49 836
50 28
51 35
52 24
53 808
54 42
55 12
56 809
57 3
58 105
59 29
60 992
61 813
62 52
63 467
64 128
65 814
66 821
67 473
68 433
69 134
70 443
71 435
72 33
73 303
74 30
75 356
76 360
77 39
78 820
79 447
80 456
81 40
82 439
83 451
84 826
85 822
86 47
87 305
88 459
89 332
90 460
91 362
92 365
93 458
94 489
95 464
96 468
97 44
98 373
99 465
100 55
101 49
102 165
103 492
104 829
105 479
106 828
107 457
108 485
109 470
110 689
111 487
112 50
113 197
114 391
115 31
116 56
117 41
118 13
119 57
120 63
121 466
122 474
123 500
124 837
125 969
126 23
127 507
128 974
129 833
130 43
131 51
132 27
133 393
134 475
135 823
136 484
137 480
138 403
139 490
140 491
141 5
142 690
143 495
144 64
145 825
146 830
147 831
148 832
149 7
150 469
151 62
152 25
153 60
154 834
155 406
156 515
157 65
158 979
159 67
160 494
161 496
162 79
163 61
164 501
165 53
166 70
167 697
168 409
169 46
170 838
171 478
172 483
173 839
174 430
175 48
176 58
177 81
178 841
179 497
180 843
181 525
182 503
183 873
184 85
185 502
186 840
187 504
188 91
189 505
190 506
191 508
192 126
193 852
194 68
195 853
196 341
197 984
198 71
199 66
200 431
201 990
202 462
203 92
204 854
205 514
206 94
207 72
208 517
209 131
210 102
211 37
212 516
213 488
214 106
215 59
216 509
217 150
218 88
219 74
220 513
221 77
222 108
223 110
224 896
225 499
226 162
227 520
228 535
229 99
230 518
231 38
232 530
233 178
234 528
235 76
236 537
237 104
238 524
239 532
240 111
241 198
242 521
243 523
244 842
245 855
246 519
247 82
248 845
249 117
250 83
251 344
252 80
253 844
254 204
255 75
256 529
257 125
258 112
259 78
260 181
261 531
262 87
263 856
264 361
265 526
266 966
267 116
268 84
269 533
270 980
271 858
272 857
273 100
274 118
275 534
276 122
277 45
278 846
279 89
280 90
281 96
282 847
283 527
284 538
285 123
286 54
287 536
288 541
289 540
290 363
291 551
292 544
293 130
294 137
295 851
296 542
297 860
298 861
299 862
300 550
301 95
302 554
303 139
304 543
305 103
306 101
307 848
308 567
309 381
310 140
311 546
312 850
313 982
314 863
315 559
316 189
317 141
318 562
319 69
320 865
321 864
322 866
323 548
324 152
325 552
326 73
327 557
328 555
329 881
330 97
331 556
332 142
333 868
334 206
335 563
336 566
337 867
338 568
339 113
340 558
341 569
342 145
343 127
344 129
345 148
346 875
347 149
348 547
349 86
350 231
351 869
352 143
353 719
354 572
355 874
356 726
357 564
358 390
359 978
360 160
361 144
362 98
363 166
364 172
365 395
366 109
367 114
368 988
369 570
370 173
371 585
372 571
373 202
374 575
375 428
376 161
377 246
378 115
379 870
380 119
381 565
382 171
383 967
384 576
385 549
386 578
387 597
388 560
389 872
390 135
391 174
392 107
393 180
394 871
395 587
396 976
397 182
398 592
399 193
400 185
401 248
402 196
403 876
404 442
405 877
406 151
407 580
408 981
409 909
410 446
411 124
412 577
413 186
414 167
415 153
416 579
417 147
418 157
419 449
420 450
421 584
422 217
423 187
424 595
425 606
426 251
427 879
428 155
429 269
430 120
431 581
432 188
433 730
434 586
435 287
436 574
437 884
438 156
439 190
440 582
441 878
442 583
443 880
444 594
445 882
446 121
447 596
448 883
449 154
450 220
451 194
452 601
453 201
454 602
455 588
456 600
457 205
458 255
459 638
460 158
461 164
462 163
463 610
464 590
465 991
466 221
467 888
468 589
469 647
470 168
471 207
472 629
473 170
474 614
475 591
476 900
477 604
478 293
479 256
480 593
481 183
482 608
483 192
484 633
485 886
486 203
487 235
488 887
489 209
490 199
491 169
492 615
493 654
494 890
495 598
496 175
497 659
498 216
499 885
500 191
501 893
502 970
503 609
504 223
505 891
506 208
507 159
508 296
509 229
510 612
511 611
512 132
513 616
514 603
515 476
516 607
517 304
518 634
519 664
520 477
521 986
522 895
523 257
524 617
525 230
526 195
527 892
528 493
529 314
530 894
531 320
532 210
533 261
534 993
535 901
536 889
537 258
538 613
539 232
540 640
541 522
542 618
543 176
544 897
545 620
546 211
547 200
548 263
549 212
550 621
551 637
552 662
553 240
554 641
555 624
556 670
557 643
558 215
559 680
560 354
561 626
562 265
563 241
564 133
565 270
566 539
567 902
568 644
569 649
570 994
571 906
572 242
573 771
574 903
575 244
576 971
577 625
578 627
579 628
580 898
581 268
582 234
583 218
584 545
585 247
586 253
587 271
588 905
589 972
590 259
591 275
592 213
593 655
594 667
595 249
596 899
597 238
598 910
599 632
600 276
601 904
602 916
603 224
604 907
605 636
606 983
607 908
608 914
609 677
610 639
611 355
612 663
613 642
614 648
615 225
616 645
617 260
618 911
619 661
620 650
621 675
622 651
623 918
624 262
625 669
626 226
627 136
628 671
629 672
630 694
631 683
632 678
633 553
634 250
635 266
636 274
637 652
638 254
639 917
640 920
641 283
642 279
643 282
644 284
645 272
646 913
647 695
648 291
649 227
650 376
651 703
652 676
653 138
654 288
655 679
656 685
657 388
658 399
659 277
660 692
661 701
662 653
663 289
664 915
665 921
666 656
667 681
668 299
669 686
670 306
671 780
672 236
673 292
674 704
675 926
676 793
677 919
678 977
679 298
680 925
681 307
682 657
683 301
684 286
685 722
686 294
687 693
688 660
689 302
690 928
691 666
692 316
693 668
694 327
695 340
696 317
697 705
698 673
699 243
700 924
701 335
702 146
703 310
704 561
705 715
706 318
707 333
708 684
709 334
710 674
711 922
712 700
713 702
714 927
715 177
716 935
717 716
718 912
719 923
720 295
721 336
722 682
723 688
724 795
725 718
726 691
727 930
728 313
729 929
730 347
731 696
732 214
733 709
734 938
735 698
736 714
737 931
738 343
739 699
740 724
741 939
742 322
743 735
744 706
745 707
746 252
747 708
748 934
749 710
750 711
751 239
752 348
753 281
754 326
755 573
756 297
757 712
758 179
759 352
760 350
761 943
762 720
763 599
764 968
765 721
766 728
767 338
768 725
769 727
770 184
771 345
772 999
773 932
774 713
775 353
776 402
777 940
778 944
779 605
780 358
781 717
782 729
783 941
784 733
785 412
786 723
787 351
788 731
789 328
790 736
791 732
792 366
793 737
794 264
795 280
796 311
797 315
798 739
799 747
800 748
801 948
802 619
803 738
804 740
805 741
806 370
807 752
808 734
809 300
810 760
811 744
812 622
813 989
814 743
815 936
816 309
817 749
818 751
819 937
820 754
821 623
822 742
823 372
824 951
825 290
826 375
827 750
828 630
829 323
830 796
831 745
832 427
833 746
834 219
835 946
836 753
837 436
838 765
839 764
840 415
841 377
842 337
843 762
844 423
845 222
846 434
847 975
848 228
849 448
850 947
851 995
852 378
853 455
854 445
855 339
856 933
857 321
858 463
859 380
860 357
861 756
862 757
863 233
864 758
865 768
866 759
867 772
868 755
869 761
870 382
871 763
872 471
873 942
874 482
875 453
876 776
877 486
878 812
879 383
880 770
881 779
882 827
883 387
884 394
885 237
886 849
887 973
888 397
889 773
890 398
891 461
892 766
893 775
894 997
895 777
896 405
897 369
898 472
899 371
900 778
901 781
902 329
904 324
905 410
906 774
907 245
908 783
909 411
910 481
911 631
912 325
913 784
914 785
915 782
916 787
917 767
918 635
919 367
920 359
921 414
922 308
923 385
924 952
925 312
926 945
927 957
928 949
929 646
930 786
931 794
932 803
933 954
934 658
935 267
936 798
937 769
938 789
939 331
940 950
941 953
942 665
943 417
944 958
945 498
946 790
947 349
948 955
949 418
950 364
951 805
952 792
953 273
954 319
955 815
956 510
957 384
958 330
959 374
960 804
961 806
962 788
963 386
964 392
965 368
966 956
967 791
968 800
969 278
970 408
971 422
972 429
973 285
974 961
975 959
976 401
977 797
978 511
979 801
980 817
981 342
982 810
983 811
984 799
985 687
986 437
987 389
988 996
989 438
990 512
991 835
992 440
993 962
994 818
995 998
996 819
997 396
998 444
999 400
1000 964
